-- GENERATED by scratchpad/lyric/clip_export.py from enso/information/result.nulm sprite 132 -- do not hand-edit.
-- 1920x1080 stage.  frames[f+1] = {{shape, tx, ty, sx, sy, rot_deg, alpha[, blend 8 = add]}, ...}; after the last
-- frame the player continues from frames[loop_at+1].  shapes[c] = {w, h, ox, oy}.
return {
  nframes = 120,
  loop_at = 119,
  stage = {1920, 1080},
  shapes = {
    [36] = {288, 288, 144, 144},
    [46] = {96, 96, 48, 48},
    [74] = {208, 160, 100, 76},
    [76] = {208, 208, 100, 100},
    [78] = {208, 208, 100, 100},
    [80] = {208, 208, 100, 100},
    [82] = {208, 208, 100, 100},
    [84] = {208, 208, 100, 100},
    [86] = {208, 208, 100, 100},
    [89] = {128, 96, 64, 48},
    [91] = {192, 176, 96, 88},
    [93] = {156, 104, 78, 52},
  },
  frames = {
    {},
    {{74,0,4.9,2.987,2.987,0,0.008}},
    {{74,0,4.9,2.948,2.948,0,0.023}},
    {{74,0,4.9,2.883,2.883,0,0.055}},
    {{74,0,4.9,2.792,2.792,0,0.094}},
    {{76,0,4.9,2.675,2.675,0,0.148}},
    {{76,0,4.9,2.531,2.531,0,0.215}},
    {{76,0,4.95,2.362,2.362,0,0.289}},
    {{76,0,4.95,2.167,2.167,0,0.379}},
    {{76,0,4.9,1.946,1.946,0,0.48}},
    {{76,0,4.95,1.698,1.698,0,0.59}},
    {{76,0,5,1.425,1.425,0,0.715}},
    {{76,0,5,1.125,1.125,0,0.852}},
    {{36,0.05,4.95,0.1,0.1,59.992,0.629,8},{36,0,5,0.1,0.1,0,0.629,8},{76,0,5,0.8,0.8,0,1},{76,0,5,1,1,0,1,8}},
    {{36,0.05,4.95,0.151,0.151,59.954,0.723,8},{36,0.05,5,0.152,0.152,0,0.723,8},{76,0,5,0.85,0.85,0,1},{76,0,5,1.034,1.034,0,0.965,8}},
    {{36,0.1,5,0.203,0.203,59.952,0.816,8},{36,0.05,5.05,0.204,0.204,0,0.816,8},{76,0,5,0.9,0.9,0,1},{76,0.05,5.05,1.069,1.069,0,0.93,8}},
    {{36,0.1,5,0.255,0.255,59.951,0.906,8},{36,0.1,5.05,0.255,0.255,0,0.906,8},{76,0,5,0.95,0.95,0,1},{76,0.05,5.05,1.103,1.103,0,0.895,8}},
    {{36,0.15,4.85,0.307,0.307,59.951,1,8},{36,0.05,5,0.307,0.307,13.28,1,8},{76,0,4.95,1,1,0,1},{76,0.05,5,1.138,1.138,0,0.859,8}},
    {{36,0.15,4.9,0.343,0.343,59.942,0.969,8},{36,0.05,5.05,0.344,0.344,13.267,0.969,8},{76,0,4.95,1,1,0,1},{76,0.05,5,1.172,1.172,0,0.824,8}},
    {{36,0.15,4.85,0.38,0.38,59.941,0.938,8},{36,0.05,5.05,0.381,0.381,13.267,0.938,8},{76,0,4.95,1,1,0,1},{76,0.05,5,1.207,1.207,0,0.789,8},{46,-24.248,52.299,0.1,0.1,0,0.336},{46,23.7,-8.675,0.417,0.417,0,1},{46,-39.898,33.274,0.208,0.208,0,1},{46,28.5,41.974,0.16,0.16,0,0.336},{46,-34.298,-9.8,0.16,0.16,0,0.336}},
    {{36,0.2,4.8,0.418,0.418,59.941,0.906,8},{36,0.05,5,0.419,0.419,13.268,0.906,8},{76,0,4.95,1,1,0,1},{76,0.05,5,1.241,1.241,0,0.758,8},{46,-24.902,53.261,0.118,0.118,0,0.402},{46,24.415,-9.452,0.411,0.411,0,1},{46,-40.998,33.694,0.206,0.206,0,1},{46,29.352,42.642,0.189,0.189,0,0.402},{46,-35.239,-10.609,0.189,0.189,0,0.402}},
    {{36,0.2,4.75,0.455,0.455,59.941,0.875,8},{36,0.05,5,0.456,0.456,13.266,0.875,8},{76,0,4.95,1,1,0,1},{76,0.05,5,1.276,1.276,0,0.723,8},{46,-25.509,54.276,0.137,0.137,0,0.469},{46,25.179,-10.18,0.405,0.405,0,1},{46,-42.053,34.165,0.203,0.203,0,1},{46,30.253,43.362,0.22,0.22,0,0.469},{46,-36.133,-11.369,0.22,0.22,0,0.469}},
    {{36,0.2,4.75,0.492,0.492,59.942,0.844,8},{36,0.05,5,0.493,0.493,13.266,0.844,8},{76,0,4.95,1,1,0,1},{76,0.05,5,1.31,1.31,0,0.688,8},{46,-26.164,55.24,0.157,0.157,0,0.535},{46,25.893,-10.958,0.398,0.398,0,1},{46,-43.155,34.586,0.199,0.199,0,1},{46,31.104,44.031,0.252,0.252,0,0.535},{46,-37.075,-12.179,0.252,0.252,0,0.535}},
    {{36,0.25,4.7,0.529,0.529,59.941,0.812,8},{36,0,4.95,0.53,0.53,13.267,0.812,8},{76,0,4.95,1,1,0,1},{76,0.05,4.95,1.345,1.345,0,0.652,8},{46,-26.72,56.254,0.178,0.178,0,0.602},{46,26.708,-11.686,0.39,0.39,0,1},{46,-44.157,35.056,0.195,0.195,0,1},{46,32.056,44.75,0.285,0.285,0,0.602},{46,-37.918,-12.939,0.285,0.285,0,0.602}},
    {{36,0.25,4.75,0.566,0.566,59.941,0.781,8},{36,0,4.95,0.568,0.568,13.267,0.781,8},{76,0,4.95,1,1,0,1},{76,0,4.9,1.379,1.379,0,0.617,8},{46,-27.325,57.218,0.2,0.2,0,0.668},{46,27.472,-12.464,0.381,0.381,0,1},{46,-45.21,35.477,0.19,0.19,0,1},{46,32.957,45.419,0.32,0.32,0,0.668},{46,-38.81,-13.749,0.32,0.32,0,0.668}},
    {{36,0.25,4.65,0.603,0.603,59.94,0.75,8},{36,0.05,4.95,0.605,0.605,13.268,0.75,8},{76,0,4.95,1,1,0,1},{76,0,4.9,1.414,1.414,0,0.586,8},{46,-27.982,58.234,0.223,0.223,0,0.734},{46,28.186,-13.192,0.371,0.371,0,0.816},{46,-46.314,35.948,0.185,0.185,0,0.816},{46,33.809,46.139,0.356,0.356,0,0.734},{46,-39.754,-14.509,0.356,0.356,0,0.734}},
    {{36,0.3,4.7,0.641,0.641,59.94,0.719,8},{36,0.05,4.95,0.642,0.642,13.267,0.719,8},{76,0,4.95,1,1,0,1},{76,0,4.9,1.448,1.448,0,0.551,8},{46,-28.587,59.298,0.246,0.246,0,0.801},{46,28.95,-13.869,0.36,0.36,0,0.637},{46,-47.367,36.469,0.18,0.18,0,0.637},{46,34.71,46.908,0.394,0.394,0,0.801},{46,-40.647,-15.219,0.394,0.394,0,0.801}},
    {{36,0.3,4.65,0.678,0.678,59.941,0.688,8},{36,0.05,4.95,0.679,0.679,13.267,0.688,8},{76,0,4.95,1,1,0,1},{76,0,4.9,1.483,1.483,0,0.516,8},{46,-29.143,60.262,0.27,0.27,0,0.867},{46,29.765,-14.647,0.348,0.348,0,0.453},{46,-48.369,36.889,0.174,0.174,0,0.453},{46,35.662,47.577,0.432,0.432,0,0.867},{46,-41.489,-16.029,0.432,0.432,0,0.867}},
    {{36,0.35,4.6,0.715,0.715,59.941,0.656,8},{36,0,4.9,0.717,0.717,13.267,0.656,8},{76,0,4.95,1,1,0,1},{76,0,4.9,1.517,1.517,0,0.48,8},{46,-29.798,61.225,0.295,0.295,0,0.934},{46,30.479,-15.425,0.335,0.335,0,0.273},{46,-49.471,37.31,0.168,0.168,0,0.273},{46,36.513,48.246,0.473,0.473,0,0.934},{46,-42.432,-16.839,0.473,0.473,0,0.934}},
    {{36,0.35,4.6,0.752,0.752,59.941,0.625,8},{36,0,4.9,0.754,0.754,13.267,0.625,8},{76,0,4.95,1,1,0,1},{76,0,4.9,1.552,1.552,0,0.445,8},{46,-30.405,62.241,0.321,0.321,0,1},{46,31.243,-16.153,0.321,0.321,0,0.09},{46,-50.526,37.781,0.161,0.161,0,0.09},{46,37.414,48.966,0.514,0.514,0,1},{46,-43.326,-17.6,0.514,0.514,0,1}},
    {{36,0.35,4.55,0.789,0.789,59.941,0.594,8},{36,0,4.9,0.791,0.791,13.267,0.594,8},{76,0,4.95,1,1,0,1},{76,0,4.9,1.586,1.586,0,0.414,8},{46,-31.06,63.205,0.329,0.329,0,1},{46,31.957,-16.931,0.066,0.066,0,0.09},{46,-51.628,38.201,0.033,0.033,0,0.09},{46,38.266,49.635,0.526,0.526,0,1},{46,-44.268,-18.409,0.526,0.526,0,1}},
    {{36,0.4,4.55,0.826,0.826,59.941,0.562,8},{36,0,4.85,0.828,0.828,13.268,0.562,8},{76,0,4.95,1,1,0,1},{76,0,4.9,1.621,1.621,0,0.379,8},{46,-31.616,64.219,0.314,0.314,0,0.93},{46,32.772,-17.659,0.11,0.11,0,0.316},{46,-52.631,38.672,0.055,0.055,0,0.316},{46,39.217,50.354,0.503,0.503,0,0.93},{46,-45.111,-19.169,0.503,0.503,0,0.93}},
    {{36,0.4,4.55,0.864,0.864,59.941,0.531,8},{36,0,4.85,0.866,0.866,13.267,0.531,8},{76,0,4.95,1,1,0,1},{76,0,4.9,1.655,1.655,0,0.344,8},{46,-32.221,65.183,0.299,0.299,0,0.859},{46,33.536,-18.436,0.157,0.157,0,0.547},{46,-53.683,39.092,0.078,0.078,0,0.547},{46,40.119,51.023,0.478,0.478,0,0.859},{46,-46.003,-19.979,0.478,0.478,0,0.859}},
    {{36,0.4,4.5,0.901,0.901,59.941,0.5,8},{36,0,4.8,0.903,0.903,13.267,0.5,8},{76,0,4.95,1,1,0,1},{76,0,4.85,1.69,1.69,0,0.309,8},{46,-32.876,66.197,0.282,0.282,0,0.785},{46,34.25,-19.164,0.205,0.205,0,0.773},{46,-54.785,39.563,0.102,0.102,0,0.773},{46,40.97,51.742,0.452,0.452,0,0.785},{46,-46.946,-20.739,0.452,0.452,0,0.785}},
    {{36,0.45,4.45,0.938,0.938,59.941,0.469,8},{36,0,4.85,0.94,0.94,13.267,0.469,8},{76,0,4.95,1,1,0,1},{76,0,4.85,1.724,1.724,0,0.273,8},{46,-33.483,67.212,0.265,0.265,0,0.715},{46,35.015,-19.892,0.255,0.255,0,1},{46,-55.84,40.034,0.128,0.128,0,1},{46,41.872,52.463,0.424,0.424,0,0.715},{46,-47.84,-21.499,0.424,0.424,0,0.715}},
    {{36,0.45,4.4,0.975,0.975,59.941,0.438,8},{36,0,4.85,0.977,0.977,13.267,0.438,8},{76,0,4.95,1,1,0,1},{76,0,4.85,1.759,1.759,0,0.242,8},{46,-34.039,68.176,0.247,0.247,0,0.645},{46,35.829,-20.67,0.307,0.307,0,1},{46,-56.842,40.455,0.153,0.153,0,1},{46,42.823,53.132,0.395,0.395,0,0.645},{46,-48.682,-22.309,0.395,0.395,0,0.645}},
    {{36,0.45,4.4,1.012,1.012,59.941,0.406,8},{36,0,4.85,1.015,1.015,13.267,0.406,8},{76,0,4.95,1,1,0,1},{76,0,4.8,1.793,1.793,0,0.207,8},{46,-34.694,69.19,0.228,0.228,0,0.574},{46,36.543,-21.398,0.361,0.361,0,1},{46,-57.944,40.925,0.18,0.18,0,1},{46,43.674,53.851,0.365,0.365,0,0.574},{46,-49.625,-23.069,0.365,0.365,0,0.574}},
    {{36,0.5,4.4,1.05,1.05,59.941,0.375,8},{36,0,4.85,1.052,1.052,13.267,0.375,8},{76,0,4.95,1,1,0,1},{76,0,4.8,1.827,1.827,0,0.172,8},{46,-35.299,70.154,0.208,0.208,0,0.504},{46,37.308,-22.176,0.416,0.416,0,1},{46,-58.997,41.346,0.208,0.208,0,1},{46,44.576,54.52,0.333,0.333,0,0.504},{46,-50.517,-23.879,0.333,0.333,0,0.504}},
    {{36,0.5,4.3,1.087,1.087,59.941,0.344,8},{36,0,4.85,1.089,1.089,13.267,0.344,8},{76,0,4.95,1,1,0,1},{76,0,4.8,1.862,1.862,0,0.137,8},{46,-35.956,71.169,0.187,0.187,0,0.43},{46,38.022,-22.904,0.474,0.474,0,1},{46,-60.101,41.817,0.237,0.237,0,1},{46,45.427,55.24,0.3,0.3,0,0.43},{46,-51.462,-24.639,0.3,0.3,0,0.43}},
    {{36,0.55,4.3,1.124,1.124,59.941,0.312,8},{36,-0.05,4.8,1.126,1.126,13.267,0.312,8},{76,0,4.95,1,1,0,1},{76,0,4.8,1.897,1.897,0,0.102,8},{46,-36.512,72.183,0.166,0.166,0,0.359},{46,38.836,-23.632,0.533,0.533,0,1},{46,-61.104,42.288,0.267,0.267,0,1},{46,46.379,55.959,0.265,0.265,0,0.359},{46,-52.304,-25.399,0.265,0.265,0,0.359}},
    {{36,0.55,4.3,1.161,1.161,59.94,0.281,8},{36,-0.05,4.8,1.164,1.164,13.268,0.281,8},{76,0,4.95,1,1,0,1},{76,0,4.8,1.931,1.931,0,0.07,8},{46,-37.117,73.147,0.143,0.143,0,0.289},{46,39.6,-24.409,0.594,0.594,0,1},{46,-62.156,42.708,0.297,0.297,0,1},{46,47.28,56.628,0.229,0.229,0,0.289},{46,-53.197,-26.209,0.229,0.229,0,0.289}},
    {{36,0.55,4.3,1.198,1.198,59.941,0.25,8},{36,-0.05,4.8,1.201,1.201,13.267,0.25,8},{76,0,4.95,1,1,0,1},{76,0,4.8,1.966,1.966,0,0.035,8},{46,-37.772,74.161,0.119,0.119,0,0.219},{46,40.315,-25.137,0.657,0.657,0,1},{46,-63.259,43.179,0.329,0.329,0,1},{46,48.132,57.347,0.191,0.191,0,0.219},{46,-54.139,-26.969,0.191,0.191,0,0.219}},
    {{36,0.6,4.2,1.235,1.235,59.941,0.219,8},{36,0,4.75,1.238,1.238,13.267,0.219,8},{76,0,4.95,1,1,0,1},{46,-38.379,75.127,0.095,0.095,0,0.145},{46,41.079,-25.915,0.722,0.722,0,1},{46,-64.313,43.6,0.361,0.361,0,1},{46,49.033,58.017,0.151,0.151,0,0.145},{46,-55.033,-27.78,0.151,0.151,0,0.145}},
    {{36,0.6,4.2,1.272,1.272,59.941,0.188,8},{36,0,4.75,1.275,1.275,13.267,0.188,8},{76,0,4.95,1,1,0,1},{46,-38.935,76.141,0.069,0.069,0,0.074},{46,41.893,-26.643,0.789,0.789,0,1},{46,-65.315,44.071,0.394,0.394,0,1},{46,49.984,58.736,0.111,0.111,0,0.074},{46,-55.876,-28.539,0.111,0.111,0,0.074}},
    {{36,0.6,4.2,1.31,1.31,59.941,0.156,8},{36,0,4.7,1.313,1.313,13.267,0.156,8},{76,0,4.95,1,1,0,1},{46,42.607,-27.371,0.857,0.857,0,1},{46,-66.418,44.541,0.429,0.429,0,1}},
    {{36,0.65,4.2,1.347,1.347,59.941,0.125,8},{36,-0.05,4.75,1.35,1.35,13.267,0.125,8},{76,0,4.95,1,1,0,1},{46,-40.195,78.118,0.07,0.07,0,0.066},{46,43.372,-28.149,0.842,0.842,0,1},{46,-67.47,44.962,0.421,0.421,0,1},{46,51.737,60.124,0.112,0.112,0,0.066},{46,-57.71,-30.109,0.112,0.112,0,0.066}},
    {{36,0.65,4.1,1.384,1.384,59.941,0.094,8},{36,-0.05,4.75,1.387,1.387,13.267,0.094,8},{76,0,4.95,1,1,0,1},{46,-40.851,79.082,0.097,0.097,0,0.137},{46,44.086,-28.926,0.827,0.827,0,1},{46,-68.572,45.382,0.413,0.413,0,1},{46,52.589,60.793,0.156,0.156,0,0.137},{46,-58.653,-30.919,0.156,0.156,0,0.137}},
    {{36,0.65,4.1,1.421,1.421,59.941,0.062,8},{36,-0.05,4.7,1.424,1.424,13.267,0.062,8},{76,0,4.95,1,1,0,1},{46,-41.408,80.048,0.126,0.126,0,0.203},{46,44.9,-29.705,0.81,0.81,0,1},{46,-69.577,45.804,0.405,0.405,0,1},{46,53.54,61.463,0.202,0.202,0,0.203},{46,-59.497,-31.729,0.202,0.202,0,0.203}},
    {{36,0.7,4.1,1.458,1.458,59.941,0.031,8},{36,-0.05,4.7,1.462,1.462,13.267,0.031,8},{76,0,4.95,1,1,0,1},{46,-42.013,81.062,0.155,0.155,0,0.27},{46,45.665,-30.432,0.792,0.792,0,1},{46,-70.629,46.274,0.396,0.396,0,1},{46,54.442,62.182,0.249,0.249,0,0.27},{46,-60.39,-32.489,0.249,0.249,0,0.27}},
    {{76,0,4.95,1,1,0,1},{46,-42.668,82.076,0.186,0.186,0,0.336},{46,46.379,-31.16,0.774,0.774,0,1},{46,-71.732,46.745,0.387,0.387,0,1},{46,55.293,62.901,0.297,0.297,0,0.336},{46,-61.332,-33.249,0.297,0.297,0,0.336}},
    {{76,0,4.95,1,1,0,1},{46,-43.274,83.04,0.217,0.217,0,0.402},{46,47.143,-31.938,0.754,0.754,0,1},{46,-72.784,47.165,0.377,0.377,0,1},{46,56.194,63.57,0.347,0.347,0,0.402},{46,-62.224,-34.059,0.347,0.347,0,0.402}},
    {{76,0,4.95,1,1,0,1},{46,-43.831,84.055,0.249,0.249,0,0.469},{46,47.957,-32.666,0.734,0.734,0,1},{46,-73.789,47.637,0.367,0.367,0,1},{46,57.146,64.291,0.398,0.398,0,0.469},{46,-63.069,-34.819,0.398,0.398,0,0.469}},
    {{76,0,4.95,1,1,0,1},{46,-44.486,85.019,0.282,0.282,0,0.535},{46,48.672,-33.444,0.712,0.712,0,1},{46,-74.891,48.057,0.356,0.356,0,1},{46,57.997,64.96,0.451,0.451,0,0.535},{46,-64.011,-35.629,0.451,0.451,0,0.535}},
    {{76,0,4.95,1,1,0,1},{46,-45.091,86.033,0.315,0.315,0,0.602},{46,49.436,-34.172,0.69,0.69,0,1},{46,-75.943,48.528,0.345,0.345,0,1},{46,58.899,65.679,0.505,0.505,0,0.602},{46,-64.904,-36.389,0.505,0.505,0,0.602}},
    {{76,0,4.95,1,1,0,1},{46,-45.648,86.949,0.35,0.35,0,0.668},{46,50.25,-35,0.667,0.667,0,1},{46,-76.948,48.899,0.333,0.333,0,1},{46,59.85,66.299,0.56,0.56,0,0.668},{46,-65.748,-37.25,0.56,0.56,0,0.668}},
    {{76,0,4.95,1,1,0,1},{46,-45.878,87.33,0.382,0.382,0,0.734},{46,50.487,-35.211,0.636,0.636,0,0.816},{46,-77.33,49.096,0.318,0.318,0,0.816},{46,60.134,66.58,0.611,0.611,0,0.734},{46,-66.076,-37.472,0.611,0.611,0,0.734}},
    {{76,0,4.95,1,1,0,1},{46,-46.109,87.662,0.414,0.414,0,0.801},{46,50.724,-35.473,0.606,0.606,0,0.637},{46,-77.713,49.242,0.303,0.303,0,0.637},{46,60.417,66.812,0.662,0.662,0,0.801},{46,-66.404,-37.745,0.662,0.662,0,0.801}},
    {{76,0,4.95,1,1,0,1},{46,-46.34,87.995,0.446,0.446,0,0.867},{46,50.96,-35.735,0.575,0.575,0,0.453},{46,-78.097,49.39,0.287,0.287,0,0.453},{46,60.7,67.044,0.714,0.714,0,0.867},{46,-66.733,-38.018,0.714,0.714,0,0.867}},
    {{76,0,4.95,1,1,0,1},{46,-46.522,88.38,0.479,0.479,0,0.934},{46,51.247,-35.947,0.544,0.544,0,0.273},{46,-78.432,49.588,0.272,0.272,0,0.273},{46,61.034,67.327,0.767,0.767,0,0.934},{46,-67.014,-38.241,0.767,0.767,0,0.934}},
    {{76,0,4.95,1,1,0,1},{46,-46.752,88.711,0.512,0.512,0,1},{46,51.483,-36.209,0.512,0.512,0,0.09},{46,-78.814,49.734,0.256,0.256,0,0.09},{46,61.317,67.558,0.819,0.819,0,1},{46,-67.341,-38.514,0.819,0.819,0,1}},
    {{76,0,4.95,1,1,0,1},{46,-46.934,88.995,0.515,0.515,0,1},{46,51.77,-36.521,0.103,0.103,0,0.09},{46,-79.149,49.832,0.051,0.051,0,0.09},{46,61.651,67.741,0.823,0.823,0,1},{46,-67.622,-38.837,0.823,0.823,0,1}},
    {{76,0,4.95,1,1,0,1},{46,-47.163,89.326,0.484,0.484,0,0.93},{46,52.007,-36.783,0.17,0.17,0,0.316},{46,-79.531,49.978,0.085,0.085,0,0.316},{46,61.934,67.972,0.774,0.774,0,0.93},{46,-67.949,-39.109,0.774,0.774,0,0.93}},
    {{76,0,4.95,1,1,0,1},{46,-47.346,89.71,0.453,0.453,0,0.859},{46,52.293,-36.995,0.237,0.237,0,0.547},{46,-79.866,50.176,0.119,0.119,0,0.547},{46,62.267,68.255,0.724,0.724,0,0.859},{46,-68.23,-39.333,0.724,0.724,0,0.859}},
    {{76,0,4.95,1,1,0,1},{46,-47.577,90.043,0.421,0.421,0,0.785},{46,52.53,-37.257,0.306,0.306,0,0.773},{46,-80.251,50.324,0.153,0.153,0,0.773},{46,62.551,68.487,0.674,0.674,0,0.785},{46,-68.559,-39.606,0.674,0.674,0,0.785}},
    {{76,0,4.95,1,1,0,1},{46,-47.808,90.375,0.39,0.39,0,0.715},{46,52.766,-37.519,0.375,0.375,0,1},{46,-80.633,50.471,0.187,0.187,0,1},{46,62.834,68.719,0.623,0.623,0,0.715},{46,-68.887,-39.878,0.623,0.623,0,0.715}},
    {{76,0,4.95,1,1,0,1},{46,-47.989,90.708,0.357,0.357,0,0.645},{46,53.053,-37.781,0.444,0.444,0,1},{46,-80.968,50.618,0.222,0.222,0,1},{46,63.168,68.951,0.572,0.572,0,0.645},{46,-69.167,-40.151,0.572,0.572,0,0.645}},
    {{76,0,4.95,1,1,0,1},{46,-48.171,91.042,0.325,0.325,0,0.574},{46,53.339,-38.043,0.514,0.514,0,1},{46,-81.302,50.766,0.257,0.257,0,1},{46,63.501,69.183,0.52,0.52,0,0.574},{46,-69.447,-40.424,0.52,0.52,0,0.574}},
    {{76,0,4.95,1,1,0,1},{46,-48.401,91.374,0.292,0.292,0,0.504},{46,53.576,-38.304,0.585,0.585,0,1},{46,-81.684,50.912,0.292,0.292,0,1},{46,63.785,69.415,0.468,0.468,0,0.504},{46,-69.775,-40.697,0.468,0.468,0,0.504}},
    {{76,0,4.95,1,1,0,1},{46,-48.632,91.707,0.259,0.259,0,0.43},{46,53.813,-38.566,0.656,0.656,0,1},{46,-82.069,51.06,0.328,0.328,0,1},{46,64.068,69.647,0.415,0.415,0,0.43},{46,-70.104,-40.97,0.415,0.415,0,0.43}},
    {{76,0,4.95,1,1,0,1},{46,-48.815,92.091,0.226,0.226,0,0.359},{46,54.099,-38.779,0.728,0.728,0,1},{46,-82.404,51.258,0.364,0.364,0,1},{46,64.401,69.931,0.362,0.362,0,0.359},{46,-70.385,-41.193,0.362,0.362,0,0.359}},
    {{76,0,4.95,1,1,0,1},{46,-49.044,92.422,0.192,0.192,0,0.289},{46,54.336,-39.04,0.801,0.801,0,1},{46,-82.786,51.404,0.4,0.4,0,1},{46,64.685,70.161,0.308,0.308,0,0.289},{46,-70.712,-41.466,0.308,0.308,0,0.289}},
    {{76,0,4.95,1,1,0,1},{46,-49.277,92.756,0.159,0.159,0,0.219},{46,54.572,-39.302,0.874,0.874,0,1},{46,-83.171,51.552,0.437,0.437,0,1},{46,64.968,70.394,0.254,0.254,0,0.219},{46,-71.043,-41.739,0.254,0.254,0,0.219}},
    {{76,0,4.95,1,1,0,1},{46,-49.406,93.037,0.124,0.124,0,0.145},{46,54.909,-39.614,0.948,0.948,0,1},{46,-83.453,51.648,0.474,0.474,0,1},{46,65.352,70.575,0.199,0.199,0,0.145},{46,-71.27,-42.061,0.199,0.199,0,0.145}},
    {{76,0,4.95,1,1,0,1},{46,-49.639,93.421,0.09,0.09,0,0.074},{46,55.146,-39.826,1.022,1.022,0,1},{46,-83.838,51.846,0.511,0.511,0,1},{46,65.635,70.858,0.144,0.144,0,0.074},{46,-71.601,-42.285,0.144,0.144,0,0.074}},
    {{76,0,4.95,1,1,0,1},{46,55.382,-40.088,1.097,1.097,0,1},{46,-84.222,51.994,0.549,0.549,0,1}},
    {{76,0,4.95,1,1,0,1},{46,-50.15,94.037,0.088,0.088,0,0.066},{46,55.569,-40.4,1.066,1.066,0,1},{46,-84.655,52.091,0.533,0.533,0,1},{46,66.152,71.272,0.141,0.141,0,0.066},{46,-72.308,-42.88,0.141,0.141,0,0.066}},
    {{76,0,4.95,1,1,0,1},{46,-50.332,94.37,0.122,0.122,0,0.137},{46,55.855,-40.662,1.033,1.033,0,1},{46,-84.989,52.238,0.517,0.517,0,1},{46,66.485,71.505,0.195,0.195,0,0.137},{46,-72.588,-43.153,0.195,0.195,0,0.137}},
    {{76,0,4.95,1,1,0,1},{46,-50.563,94.703,0.156,0.156,0,0.203},{46,56.092,-40.924,1.001,1.001,0,1},{46,-85.373,52.386,0.5,0.5,0,1},{46,66.769,71.737,0.249,0.249,0,0.203},{46,-72.917,-43.426,0.249,0.249,0,0.203}},
    {{76,0,4.95,1,1,0,1},{46,-50.743,95.035,0.19,0.19,0,0.27},{46,56.379,-41.186,0.968,0.968,0,1},{46,-85.706,52.532,0.484,0.484,0,1},{46,67.102,71.969,0.304,0.304,0,0.27},{46,-73.196,-43.699,0.304,0.304,0,0.27}},
    {{76,0,4.95,1,1,0,1},{46,-50.975,95.368,0.224,0.224,0,0.336},{46,56.615,-41.448,0.935,0.935,0,1},{46,-86.09,52.68,0.467,0.467,0,1},{46,67.386,72.201,0.359,0.359,0,0.336},{46,-73.525,-43.972,0.359,0.359,0,0.336}},
    {{76,0,4.95,1,1,0,1},{46,-51.155,95.7,0.259,0.259,0,0.402},{46,56.902,-41.709,0.901,0.901,0,1},{46,-86.423,52.827,0.451,0.451,0,1},{46,67.719,72.432,0.415,0.415,0,0.402},{46,-73.803,-44.245,0.415,0.415,0,0.402}},
    {{76,0,4.95,1,1,0,1},{46,-51.387,96.083,0.294,0.294,0,0.469},{46,57.139,-41.921,0.868,0.868,0,1},{46,-86.807,53.024,0.434,0.434,0,1},{46,68.002,72.715,0.471,0.471,0,0.469},{46,-74.133,-44.468,0.471,0.471,0,0.469}},
    {{76,0,4.95,1,1,0,1},{46,-51.619,96.417,0.33,0.33,0,0.535},{46,57.375,-42.184,0.833,0.833,0,1},{46,-87.193,53.172,0.417,0.417,0,1},{46,68.286,72.948,0.527,0.527,0,0.535},{46,-74.464,-44.741,0.527,0.527,0,0.535}},
    {{76,0,4.95,1,1,0,1},{46,-51.798,96.699,0.365,0.365,0,0.602},{46,57.662,-42.495,0.799,0.799,0,1},{46,-87.524,53.268,0.399,0.399,0,1},{46,68.619,73.129,0.584,0.584,0,0.602},{46,-74.741,-45.063,0.584,0.584,0,0.602}},
    {{76,0,4.95,1,1,0,1},{46,-51.981,97.083,0.401,0.401,0,0.668},{46,57.948,-42.707,0.764,0.764,0,1},{46,-87.86,53.466,0.382,0.382,0,1},{46,68.953,73.412,0.642,0.642,0,0.668},{46,-75.021,-45.287,0.642,0.642,0,0.668}},
    {{76,0,4.95,1,1,0,1},{46,-52.212,97.416,0.437,0.437,0,0.734},{46,58.185,-42.969,0.729,0.729,0,0.816},{46,-88.244,53.614,0.365,0.365,0,0.816},{46,69.236,73.644,0.7,0.7,0,0.734},{46,-75.351,-45.559,0.7,0.7,0,0.734}},
    {{76,0,4.95,1,1,0,1},{46,-52.443,97.748,0.474,0.474,0,0.801},{46,58.421,-43.231,0.694,0.694,0,0.637},{46,-88.627,53.761,0.347,0.347,0,0.637},{46,69.519,73.876,0.758,0.758,0,0.801},{46,-75.679,-45.832,0.758,0.758,0,0.801}},
    {{76,0,4.95,1,1,0,1},{46,-52.624,98.081,0.511,0.511,0,0.867},{46,58.708,-43.493,0.658,0.658,0,0.453},{46,-88.961,53.908,0.329,0.329,0,0.453},{46,69.853,74.108,0.817,0.817,0,0.867},{46,-75.959,-46.105,0.817,0.817,0,0.867}},
    {{76,0,4.95,1,1,0,1},{46,-52.856,98.464,0.548,0.548,0,0.934},{46,58.945,-43.705,0.622,0.622,0,0.273},{46,-89.345,54.106,0.311,0.311,0,0.273},{46,70.136,74.39,0.877,0.877,0,0.934},{46,-76.288,-46.328,0.877,0.877,0,0.934}},
    {{76,0,4.95,1,1,0,1},{46,-53.086,98.746,0.585,0.585,0,1},{46,59.181,-44.017,0.585,0.585,0,0.09},{46,-89.728,54.202,0.293,0.293,0,0.09},{46,70.42,74.572,0.937,0.937,0,1},{46,-76.616,-46.651,0.936,0.936,0,1}},
    {{76,0,4.95,1,1,0,1},{46,-53.217,99.079,0.588,0.588,0,1},{46,59.518,-44.279,0.118,0.118,0,0.09},{46,-90.012,54.35,0.059,0.059,0,0.09},{46,70.803,74.804,0.94,0.94,0,1},{46,-76.846,-46.924,0.94,0.94,0,1}},
    {{76,0,4.95,1,1,0,1},{46,-53.448,99.412,0.552,0.552,0,0.93},{46,59.755,-44.541,0.194,0.194,0,0.316},{46,-90.395,54.497,0.097,0.097,0,0.316},{46,71.087,75.036,0.884,0.884,0,0.93},{46,-77.174,-47.197,0.884,0.884,0,0.93}},
    {{76,0,4.95,1,1,0,1},{46,-53.679,99.795,0.516,0.516,0,0.859},{46,59.991,-44.753,0.271,0.271,0,0.547},{46,-90.779,54.694,0.135,0.135,0,0.547},{46,71.37,75.318,0.826,0.826,0,0.859},{46,-77.504,-47.42,0.826,0.826,0,0.859}},
    {{76,0,4.95,1,1,0,1},{46,-53.912,100.13,0.48,0.48,0,0.785},{46,60.228,-45.015,0.349,0.349,0,0.773},{46,-91.165,54.842,0.174,0.174,0,0.773},{46,71.653,75.551,0.768,0.768,0,0.785},{46,-77.835,-47.693,0.768,0.768,0,0.785}},
    {{76,0,4.95,1,1,0,1},{46,-54.091,100.41,0.444,0.444,0,0.715},{46,60.514,-45.326,0.427,0.427,0,1},{46,-91.496,54.938,0.213,0.213,0,1},{46,71.987,75.732,0.71,0.71,0,0.715},{46,-78.111,-48.015,0.71,0.71,0,0.715}},
    {{76,0,4.95,1,1,0,1},{46,-54.175,100.85,0.407,0.407,0,0.645},{46,60.901,-45.489,0.506,0.506,0,1},{46,-91.733,55.187,0.253,0.253,0,1},{46,72.42,76.066,0.651,0.651,0,0.645},{46,-78.294,-48.189,0.651,0.651,0,0.645}},
    {{76,0,4.95,1,1,0,1},{46,-54.465,101.24,0.37,0.37,0,0.543},{46,61.086,-45.703,0.585,0.585,0,0.949},{46,-92.178,55.389,0.293,0.293,0,0.949},{46,72.653,76.355,0.592,0.592,0,0.543},{46,-78.683,-48.414,0.592,0.592,0,0.543}},
    {{76,0,4.95,1,1,0,1},{46,-54.658,101.63,0.333,0.333,0,0.449},{46,61.371,-45.917,0.665,0.665,0,0.898},{46,-92.528,55.593,0.333,0.333,0,0.898},{46,72.986,76.646,0.532,0.532,0,0.449},{46,-78.977,-48.639,0.532,0.532,0,0.449}},
    {{76,0,4.95,1,1,0,1},{46,-54.852,101.92,0.295,0.295,0,0.363},{46,61.656,-46.232,0.746,0.746,0,0.852},{46,-92.878,55.698,0.373,0.373,0,0.852},{46,73.319,76.837,0.472,0.472,0,0.363},{46,-79.271,-48.965,0.472,0.472,0,0.363}},
    {{76,0,4.95,1,1,0,1},{46,-55.095,102.32,0.257,0.257,0,0.285},{46,61.892,-46.446,0.828,0.828,0,0.801},{46,-93.277,55.902,0.414,0.414,0,0.801},{46,73.602,77.128,0.411,0.411,0,0.285},{46,-79.615,-49.191,0.411,0.411,0,0.285}},
    {{76,0,4.95,1,1,0,1},{46,-55.338,102.61,0.219,0.219,0,0.215},{46,62.127,-46.761,0.91,0.91,0,0.75},{46,-93.677,56.006,0.455,0.455,0,0.75},{46,73.885,77.319,0.35,0.35,0,0.215},{46,-79.958,-49.517,0.35,0.35,0,0.215}},
    {{76,0,4.95,1,1,0,1},{46,-55.48,103,0.18,0.18,0,0.152},{46,62.462,-46.975,0.993,0.993,0,0.699},{46,-93.974,56.209,0.496,0.496,0,0.699},{46,74.269,77.608,0.288,0.288,0,0.152},{46,-80.199,-49.742,0.288,0.288,0,0.152}},
    {{76,0,4.95,1,1,0,1},{46,-55.725,103.3,0.141,0.141,0,0.09},{46,62.697,-47.29,1.076,1.076,0,0.648},{46,-94.376,56.314,0.538,0.538,0,0.648},{46,74.552,77.8,0.226,0.226,0,0.09},{46,-80.546,-50.068,0.226,0.226,0,0.09}},
    {{76,0,4.95,1,1,0,1},{46,-55.966,103.69,0.102,0.102,0,0.043},{46,62.932,-47.504,1.16,1.16,0,0.602},{46,-94.773,56.517,0.58,0.58,0,0.602},{46,74.835,78.09,0.163,0.163,0,0.043},{46,-80.887,-50.293,0.163,0.163,0,0.043}},
    {{76,0,4.95,1,1,0,1},{46,63.217,-47.819,1.245,1.245,0,0.551},{46,-95.125,56.622,0.622,0.622,0,0.551}},
    {{76,0,4.95,1,1,0,1},{46,-56.403,104.38,0.1,0.1,0,0.031},{46,63.453,-48.033,1.208,1.208,0,0.5},{46,-95.522,56.825,0.604,0.604,0,0.5},{46,75.451,78.572,0.16,0.16,0,0.031},{46,-81.524,-50.845,0.16,0.16,0,0.031}},
    {{76,0,4.95,1,1,0,1},{46,-56.599,104.68,0.138,0.138,0,0.059},{46,63.737,-48.348,1.171,1.171,0,0.449},{46,-95.874,56.931,0.586,0.586,0,0.449},{46,75.784,78.764,0.221,0.221,0,0.059},{46,-81.82,-51.171,0.221,0.221,0,0.059}},
    {{76,0,4.95,1,1,0,1},{46,-56.79,105.07,0.176,0.176,0,0.078},{46,64.023,-48.562,1.134,1.134,0,0.398},{46,-96.221,57.134,0.567,0.567,0,0.398},{46,76.117,79.054,0.282,0.282,0,0.078},{46,-82.112,-51.396,0.282,0.282,0,0.078}},
    {{76,0,4.95,1,1,0,1},{46,-57.036,105.36,0.215,0.215,0,0.094},{46,64.258,-48.877,1.096,1.096,0,0.352},{46,-96.624,57.239,0.548,0.548,0,0.352},{46,76.4,79.246,0.344,0.344,0,0.094},{46,-82.458,-51.723,0.344,0.344,0,0.094}},
    {{76,0,4.95,1,1,0,1},{46,-57.227,105.76,0.254,0.254,0,0.098},{46,64.543,-49.091,1.058,1.058,0,0.301},{46,-96.97,57.442,0.529,0.529,0,0.301},{46,76.733,79.536,0.406,0.406,0,0.098},{46,-82.749,-51.948,0.406,0.406,0,0.098}},
    {{76,0,4.95,1,1,0,1},{46,-57.422,106.05,0.293,0.293,0,0.098},{46,64.828,-49.406,1.02,1.02,0,0.25},{46,-97.323,57.547,0.51,0.51,0,0.25},{46,77.066,79.728,0.469,0.469,0,0.098},{46,-83.045,-52.274,0.469,0.469,0,0.098}},
    {{76,0,4.95,1,1,0,1},{46,-57.662,106.44,0.333,0.333,0,0.09},{46,65.064,-49.62,0.981,0.981,0,0.199},{46,-97.717,57.749,0.491,0.491,0,0.199},{46,77.349,80.016,0.532,0.532,0,0.09},{46,-83.384,-52.499,0.532,0.532,0,0.09}},
    {{76,0,4.95,1,1,0,1},{46,-57.855,106.79,0.373,0.373,0,0.078},{46,65.349,-49.884,0.942,0.942,0,0.148},{46,-98.066,57.903,0.471,0.471,0,0.148},{46,77.682,80.257,0.596,0.596,0,0.078},{46,-83.678,-52.775,0.596,0.596,0,0.078}},
    {{76,0,4.95,1,1,0,1},{46,-58.098,107.13,0.413,0.413,0,0.059},{46,65.584,-50.149,0.903,0.903,0,0.102},{46,-98.466,58.057,0.451,0.451,0,0.102},{46,77.965,80.498,0.66,0.66,0,0.059},{46,-84.021,-53.05,0.66,0.66,0,0.059}},
    {{76,0,4.95,1,1,0,1},{46,-58.292,107.47,0.453,0.453,0,0.031},{46,65.869,-50.413,0.863,0.863,0,0.051},{46,-98.816,58.211,0.432,0.432,0,0.051},{46,78.298,80.739,0.725,0.725,0,0.031},{46,-84.315,-53.326,0.725,0.725,0,0.031}},
    {{76,0,5,1,1,0,1}},
    {{76,0,5,1,1,0,1}},
    {{76,0,5,1,1,0,1}},
    {{76,0,5,1,1,0,1}},
    {{76,0,5,1,1,0,1}},
  },
}
